 54511   39.80  116.47   31.30     1    0.1771    0.5699    0.1384    0.3922
 54511   39.80  116.47   31.30     2    0.2204    0.5225    0.1959    0.3730
 54511   39.80  116.47   31.30     3    0.1707    0.5974    0.2163    0.3460
 54511   39.80  116.47   31.30     4    0.1804    0.5652    0.2585    0.2960
 54511   39.80  116.47   31.30     5    0.1544    0.5942    0.1057    0.3941
 54511   39.80  116.47   31.30     6    0.1712    0.5595    0.3249    0.2730
 54511   39.80  116.47   31.30     7    0.1963    0.5103    0.3141    0.2744
 54511   39.80  116.47   31.30     8    0.1933    0.5099    0.2679    0.2948
 54511   39.80  116.47   31.30     9    0.1456    0.6062    0.2395    0.3480
 54511   39.80  116.47   31.30    10    0.1138    0.6675    0.3550    0.2831
 54511   39.80  116.47   31.30    11    0.1738    0.5677    0.2191    0.3468
 54511   39.80  116.47   31.30    12    0.1481    0.6036    0.1958    0.3489